1.000000000000000000e+00 1.000000000000000000e+00 1.000000000000000000e+00 1.000000000000000000e+00 1.000000000000000000e+00
1.514579999999999984e+02 6.200000000000000178e+00 1.000000000000000000e+00 8.500000000000000000e+01 1.970010640000000000e+09
1.785680000000000121e+02 6.099999999999999645e+00 2.000000000000000000e+00 5.900000000000000000e+01 1.970010840000000000e+09
1.267369999999990000e+02 6.099999999999999645e+00 2.000000000000000000e+00 9.100000000000000000e+01 1.970011040000000000e+09
-1.526599999999999966e+02 6.000000000000000000e+00 3.000000000000000000e+00 0.000000000000000000e+00 -1.000000000000000000e+00
-1.773489999999989948e+02 6.500000000000000000e+00 2.000000000000000000e+00 1.750000000000000000e+02 1.970012040000000000e+09
1.429660000000000082e+02 6.400000000000000355e+00 1.000000000000000000e+00 1.990000000000000000e+02 1.970012040000000000e+09
-1.042980000000000018e+02 6.599999999999999645e+00 1.000000000000000000e+00 1.400000000000000000e+02 1.970012140000000000e+09
1.663700000000000045e+02 6.400000000000000355e+00 1.000000000000000000e+00 9.100000000000000000e+01 1.970012640000000000e+09
-9.948399999999989518e+01 6.500000000000000000e+00 1.000000000000000000e+00 1.000000000000000000e+02 1.970020440000000000e+09
1.221170000000000044e+02 6.599999999999999645e+00 1.000000000000000000e+00 9.400000000000000000e+01 1.970020540000000000e+09
1.007750000000000057e+02 6.099999999999999645e+00 1.000000000000000000e+00 5.700000000000000000e+01 1.970020640000000000e+09
1.030310000000000059e+02 6.000000000000000000e+00 1.000000000000000000e+00 9.400000000000000000e+01 1.970022440000000000e+09
-1.795897999999999968e+02 6.000000000000000000e+00 3.000000000000000000e+00 0.000000000000000000e+00 -1.000000000000000000e+00
-1.750399999999989973e+02 6.099999999999999645e+00 3.000000000000000000e+00 0.000000000000000000e+00 -1.000000000000000000e+00
1.437069999999989989e+02 6.200000000000000178e+00 1.000000000000000000e+00 8.200000000000000000e+01 1.970030440000000000e+09
1.686030000000000086e+02 6.500000000000000000e+00 1.000000000000000000e+00 6.100000000000000000e+01 1.970030940000000000e+09
1.488700000000000045e+02 6.000000000000000000e+00 2.000000000000000000e+00 6.500000000000000000e+01 1.970031040000000000e+09
-1.539699999999999989e+02 6.500000000000000000e+00 3.000000000000000000e+00 0.000000000000000000e+00 -1.000000000000000000e+00
-6.949899999999989575e+01 6.000000000000000000e+00 2.000000000000000000e+00 1.180000000000000000e+02 1.970031540000000000e+09
